-144.05551515747612
-139.8281245775826
-318.73527474976635
-163.0080283967672
-224.97931718657765
-5.69339550810534
-310.54243119316
-220.96306931879022
-246.68477620635758
-85.69416981913122
28.524028524681313
-168.0211721704569
-358.3971379829411
87.7654294455113
-121.24692393960383
-50.94330897163891
-476.91642254058405
-577.1934978568438
127.87417201379608
-263.3297232034621
-201.54137165555068
-122.05318417407206
-232.23447435100715
-323.3557354569631
-552.6533152172983
-34.935466876194994
-188.23093375131083
-17.614227938666573
-182.306953618412
-255.32292952209454
-41.993797970136555
-526.4098073381392
-401.72469473427947
-585.0465040980171
-351.22149377250673
-313.78703311319293
-145.1632140806106
-159.92322669834073
-32.32840881967047
-375.2718073010585
-93.01981444033429
-29.50695582529464
-333.29155322498514
-247.25869850320612
-23.059620414844872
-256.6584435250134
-290.43943315343006
-238.82953846207593
-266.61302688752187
-221.47554571267924
-243.53656138632053
-29.915545294640452
-62.992001041447644
-212.89119576151143
-13.573308804810523
-343.5530835271802
-520.6994301613443
-12.381989982813721
-198.51973887762426
-27.90360593259328
-28.745094227251712
-57.04261340689613
-281.24169544916293
-161.03808479502385
-369.2810776119751
-51.68341547240683
-282.8024004903418
-379.19908833956936
-124.56822442853624
-365.5969414388859
-349.91268989070335
225.60825976237462
-44.853946668555395
-52.307710777638405
-194.94226522752226
-232.04097610425592
-157.03145539169145
28.722360890763497
153.04554527136025
-330.091183049082
-174.6861835097249
-14.373362005324495
-450.50591777202106
-184.39261115538147
-394.64041244955183
-419.1232895260682
17.400447384427792
-864.2646063017334
-174.70013442899443
252.42254809870457
-241.92495328486265
-234.2807115997752
-195.56021842168056
-73.20949431976406
-271.2432547294307
-238.82429872071353
-275.7560321269225
-297.5901865624745
-270.70524463407617
-427.4925737222542
